e30c 1 0 N.S2N17 HP1WP 1 32 14 Pa 1 1 0 1.000e+00 36.6337 141.8389 -2247 0 0 N.s2n17
e30e 1 0 N.S2N17 HP2WP 1 32 14 Pa 1 1 0 1.000e+00 36.6337 141.8389 -2247 0 0 N.s2n17
e31c 1 0 N.S2N18 HP1WP 1 32 14 Pa 1 1 0 1.000e+00 36.6824 142.1445 -2460 0 0 N.s2n18
e31e 1 0 N.S2N18 HP2WP 1 32 14 Pa 1 1 0 1.000e+00 36.6824 142.1445 -2460 0 0 N.s2n18
e65c 1 0 N.S4N06 HP1WP 1 32 14 Pa 1 1 0 1.000e+00 40.9718 143.4481 -1970 0 0 N.s4n06
e65e 1 0 N.S4N06 HP2WP 1 32 14 Pa 1 1 0 1.000e+00 40.9718 143.4481 -1970 0 0 N.s4n06
e6ac 1 0 N.S4N11 HP1WP 1 32 14 Pa 1 1 0 1.000e+00 40.4353 143.5430 -2273 0 0 N.s4n11
e6ae 1 0 N.S4N11 HP2WP 1 32 14 Pa 1 1 0 1.000e+00 40.4353 143.5430 -2273 0 0 N.s4n11
e78c 1 0 N.S4N25 HP1WP 1 32 14 Pa 1 1 0 1.000e+00 39.6976 143.3749 -2228 0 0 N.s4n25
e78e 1 0 N.S4N25 HP2WP 1 32 14 Pa 1 1 0 1.000e+00 39.6976 143.3749 -2228 0 0 N.s4n25
ea7e 1 0 N.S6N08 HP2WP 1 32 14 Pa 1 1 0 1.000e+00 40.0319 144.8089 -5900 0 0 N.s6n08
